body{-webkit-transform:matrix3d(1, 0, 0, 0, 0, 1, 0, 0, 0, 0, 1, 0, 0, 0, 0, 1);-moz-transform:matrix3d(1, 0, 0, 0, 0, 1, 0, 0, 0, 0, 1, 0, 0, 0, 0, 1);transform:matrix3d(1, 0, 0, 0, 0, 1, 0, 0, 0, 0, 1, 0, 0, 0, 0, 1);-webkit-perspective:1400px;-moz-perspective:1400px;perspective:1400px;-webkit-transform-style:preserve-3d;-moz-transform-style:preserve-3d;transform-style:preserve-3d;background-image:none;background-color:#fbfafa}@-webkit-keyframes gwd-empty-animation{0%{opacity:0.001}100%{opacity:0}}@-moz-keyframes gwd-empty-animation{0%{opacity:0.001}100%{opacity:0}}@keyframes gwd-empty-animation{0%{opacity:0.001}100%{opacity:0}}.gwd-img-y3rj{position:absolute}.gwd-img-wfsj{top:115px}.gwd-img-0cm1{width:222px;height:227px;left:200px;-webkit-transform-style:preserve-3d;-moz-transform-style:preserve-3d;transform-style:preserve-3d}@-webkit-keyframes gwd-gen-tzargwdanimation_gwd-keyframes{0%{left:200px;top:115px;-webkit-transform:matrix3d(1, 0, 0, 0, 0, 1, 0, 0, 0, 0, 1, 0, 0, 0, 0, 1);-webkit-transform-origin:50% 50%;-webkit-animation-timing-function:linear}11.11%{left:200px;top:120.5px;-webkit-transform:matrix3d(1, 0, 0, 0, 0, 1, 0, 0, 0, 0, 1, 0, 0, 0, 0, 1);-webkit-transform-origin:50% 50%;-webkit-animation-timing-function:linear}22.22%{left:200px;top:110px;-webkit-transform:matrix3d(.46730118, 0, -0.88409819, 0, 0, 1, 0, 0, .88409819, 0, .46730118, 0, 0, 0, 0, 1);-webkit-transform-origin:50% 50%;-webkit-animation-timing-function:linear}33.33%{left:200px;top:115px;-webkit-transform:matrix3d(.59975499, 0, .8001837, 0, 0, 1, 0, 0, -0.8001837, 0, .59975499, 0, 0, 0, 0, 1);-webkit-transform-origin:50% 50%;-webkit-animation-timing-function:linear}44.44%{left:200px;top:120.5px;-webkit-transform:matrix3d(.60018072, 0, -0.79986443, 0, 0, 1, 0, 0, .79986443, 0, .60018072, 0, 0, 0, 0, 1);-webkit-transform-origin:50% 50%;-webkit-animation-timing-function:linear}55.56%{left:200px;top:120.5px;-webkit-transform:matrix3d(.79620763, 0, .60502348, 0, 0, 1, 0, 0, -0.60502348, 0, .79620763, 0, 0, 0, 0, 1);-webkit-transform-origin:50% 50%;-webkit-animation-timing-function:linear}66.67%{left:200px;top:120.5px;-webkit-transform:matrix3d(.66032541, .74770691, -0.0700338, 0, -0.74353672, .6640289, .07885915, 0, .105468, 0, .9944227, 0, 0, 0, 0, 1);-webkit-transform-origin:111px 113.5px 0px;-webkit-animation-timing-function:linear}77.78%{left:200px;top:120.5px;-webkit-transform:matrix3d(.53572318, 0, .84439367, 0, 0, 1, 0, 0, -0.84439367, 0, .53572318, 0, 0, 0, 0, 1);-webkit-transform-origin:0px 0px;-webkit-animation-timing-function:linear}88.89%{left:200px;top:120.5px;-webkit-transform:matrix3d(.48134886, 0, -0.87652911, 0, 0, 1, 0, 0, .87652911, 0, .48134886, 0, 0, 0, 0, 1);-webkit-transform-origin:0px 0px;-webkit-animation-timing-function:linear}100%{left:200px;top:120.5px;-webkit-transform:matrix(1, 0, 0, 1, 0, 0);-webkit-transform-origin:0px 0px;-webkit-animation-timing-function:linear}}@-moz-keyframes gwd-gen-tzargwdanimation_gwd-keyframes{0%{left:200px;top:115px;-moz-transform:matrix3d(1, 0, 0, 0, 0, 1, 0, 0, 0, 0, 1, 0, 0, 0, 0, 1);-moz-transform-origin:50% 50%;-moz-animation-timing-function:linear}11.11%{left:200px;top:120.5px;-moz-transform:matrix3d(1, 0, 0, 0, 0, 1, 0, 0, 0, 0, 1, 0, 0, 0, 0, 1);-moz-transform-origin:50% 50%;-moz-animation-timing-function:linear}22.22%{left:200px;top:110px;-moz-transform:matrix3d(.46730118, 0, -0.88409819, 0, 0, 1, 0, 0, .88409819, 0, .46730118, 0, 0, 0, 0, 1);-moz-transform-origin:50% 50%;-moz-animation-timing-function:linear}33.33%{left:200px;top:115px;-moz-transform:matrix3d(.59975499, 0, .8001837, 0, 0, 1, 0, 0, -0.8001837, 0, .59975499, 0, 0, 0, 0, 1);-moz-transform-origin:50% 50%;-moz-animation-timing-function:linear}44.44%{left:200px;top:120.5px;-moz-transform:matrix3d(.60018072, 0, -0.79986443, 0, 0, 1, 0, 0, .79986443, 0, .60018072, 0, 0, 0, 0, 1);-moz-transform-origin:50% 50%;-moz-animation-timing-function:linear}55.56%{left:200px;top:120.5px;-moz-transform:matrix3d(.79620763, 0, .60502348, 0, 0, 1, 0, 0, -0.60502348, 0, .79620763, 0, 0, 0, 0, 1);-moz-transform-origin:50% 50%;-moz-animation-timing-function:linear}66.67%{left:200px;top:120.5px;-moz-transform:matrix3d(.66032541, .74770691, -0.0700338, 0, -0.74353672, .6640289, .07885915, 0, .105468, 0, .9944227, 0, 0, 0, 0, 1);-moz-transform-origin:111px 113.5px 0px;-moz-animation-timing-function:linear}77.78%{left:200px;top:120.5px;-moz-transform:matrix3d(.53572318, 0, .84439367, 0, 0, 1, 0, 0, -0.84439367, 0, .53572318, 0, 0, 0, 0, 1);-moz-transform-origin:0px 0px;-moz-animation-timing-function:linear}88.89%{left:200px;top:120.5px;-moz-transform:matrix3d(.48134886, 0, -0.87652911, 0, 0, 1, 0, 0, .87652911, 0, .48134886, 0, 0, 0, 0, 1);-moz-transform-origin:0px 0px;-moz-animation-timing-function:linear}100%{left:200px;top:120.5px;-moz-transform:matrix(1, 0, 0, 1, 0, 0);-moz-transform-origin:0px 0px;-moz-animation-timing-function:linear}}@keyframes gwd-gen-tzargwdanimation_gwd-keyframes{0%{left:200px;top:115px;transform:matrix3d(1, 0, 0, 0, 0, 1, 0, 0, 0, 0, 1, 0, 0, 0, 0, 1);transform-origin:50% 50%;animation-timing-function:linear}11.11%{left:200px;top:120.5px;transform:matrix3d(1, 0, 0, 0, 0, 1, 0, 0, 0, 0, 1, 0, 0, 0, 0, 1);transform-origin:50% 50%;animation-timing-function:linear}22.22%{left:200px;top:110px;transform:matrix3d(.46730118, 0, -0.88409819, 0, 0, 1, 0, 0, .88409819, 0, .46730118, 0, 0, 0, 0, 1);transform-origin:50% 50%;animation-timing-function:linear}33.33%{left:200px;top:115px;transform:matrix3d(.59975499, 0, .8001837, 0, 0, 1, 0, 0, -0.8001837, 0, .59975499, 0, 0, 0, 0, 1);transform-origin:50% 50%;animation-timing-function:linear}44.44%{left:200px;top:120.5px;transform:matrix3d(.60018072, 0, -0.79986443, 0, 0, 1, 0, 0, .79986443, 0, .60018072, 0, 0, 0, 0, 1);transform-origin:50% 50%;animation-timing-function:linear}55.56%{left:200px;top:120.5px;transform:matrix3d(.79620763, 0, .60502348, 0, 0, 1, 0, 0, -0.60502348, 0, .79620763, 0, 0, 0, 0, 1);transform-origin:50% 50%;animation-timing-function:linear}66.67%{left:200px;top:120.5px;transform:matrix3d(.66032541, .74770691, -0.0700338, 0, -0.74353672, .6640289, .07885915, 0, .105468, 0, .9944227, 0, 0, 0, 0, 1);transform-origin:111px 113.5px 0px;animation-timing-function:linear}77.78%{left:200px;top:120.5px;transform:matrix3d(.53572318, 0, .84439367, 0, 0, 1, 0, 0, -0.84439367, 0, .53572318, 0, 0, 0, 0, 1);transform-origin:0px 0px;animation-timing-function:linear}88.89%{left:200px;top:120.5px;transform:matrix3d(.48134886, 0, -0.87652911, 0, 0, 1, 0, 0, .87652911, 0, .48134886, 0, 0, 0, 0, 1);transform-origin:0px 0px;animation-timing-function:linear}100%{left:200px;top:120.5px;transform:matrix(1, 0, 0, 1, 0, 0);transform-origin:0px 0px;animation-timing-function:linear}}#x .gwd-gen-tzargwdanimation{-webkit-animation:gwd-gen-tzargwdanimation_gwd-keyframes 4.5s linear 0s infinite normal forwards;-moz-animation:gwd-gen-tzargwdanimation_gwd-keyframes 4.5s linear 0s infinite normal forwards;animation:gwd-gen-tzargwdanimation_gwd-keyframes 4.5s linear 0s infinite normal forwards}